Best Model: Non-linear SVM
AUC: 0.99801
Accuracy: 0.96364
Precision: 0.96602
Recall: 0.96364
F1: 0.96360
